Iterations cont: 50

Sobstveney values:
l_1 = 10.027275
l_2 = 3.986363 + i * (6.096245)
l_3 = 3.986363 + i * (-6.096245)
