System solution:
x1 = 4.024365
x2 = 3.954316
x3 = -8.183498
x4 = -0.559758
x5 = 0.084909